EUROPE
GEOMETRYCOLLECTION(POLYGON ((-10.898438 36.315125, -10.898438 44.024422, -1.318359 44.024422, -1.318359 36.315125, -10.898438 36.315125)), POLYGON ((11.777344 34.633208, 11.777344 46.164614, 26.323242 46.164614, 26.323242 34.633208, 11.777344 34.633208)), POLYGON ((-2.15332 37.439974, -2.15332 46.709736, 11.865234 46.709736, 11.865234 37.439974, -2.15332 37.439974)), POLYGON ((-11.25 43.325178, -11.25 59.355596, 27.070313 59.355596, 27.070313 43.325178, -11.25 43.325178)), POLYGON ((2.109375 59.355596, 2.109375 71.856229, 42.539063 71.856229, 42.539063 59.355596, 2.109375 59.355596)), POLYGON ((-24.609375 63.074866, -24.609375 67.067433, -12.304688 67.067433, -12.304688 63.074866, -24.609375 63.074866)))

AFRICA
GEOMETRYCOLLECTION(POLYGON ((-0.263672 32.916485, -0.263672 37.68382, 11.469727 37.68382, 11.469727 32.916485, -0.263672 32.916485)), POLYGON ((11.030273 29.993002, 11.030273 34.885931, 31.816406 34.885931, 31.816406 29.993002, 11.030273 29.993002)), POLYGON ((-19.6875 -36.597889, -19.6875 30.902225, 60.46875 30.902225, 60.46875 -36.597889, -19.6875 -36.597889)), POLYGON ((-14.238281 29.53523, -14.238281 36.031332, 11.425781 36.031332, 11.425781 29.53523, -14.238281 29.53523)))

OCEANIA
POLYGON ((93.867188 -48.922499, 93.867188 8.754795, 180 8.754795, 180 -48.922499, 93.867188 -48.922499))

AMERICA
GEOMETRYCOLLECTION(POLYGON ((-84.023438 -57.136239, -84.023438 15.961329, -31.289063 15.961329, -31.289063 -57.136239, -84.023438 -57.136239)), POLYGON ((-123.398438 6.664608, -123.398438 30.751278, -64.335938 30.751278, -64.335938 6.664608, -123.398438 6.664608)), POLYGON ((-130.078125 29.840644, -130.078125 52.48278, -51.328125 52.48278, -51.328125 29.840644, -130.078125 29.840644)), POLYGON ((-166.289063 51.618017, -166.289063 73.528399, -50.273438 73.528399, -50.273438 51.618017, -166.289063 51.618017)))

ASIA
GEOMETRYCOLLECTION(POLYGON ((47.109375 18.979026, 47.109375 32.546813, 123.75 32.546813, 123.75 18.979026, 47.109375 18.979026)), POLYGON ((71.71875 5.266008, 71.71875 21.943046, 127.617188 21.943046, 127.617188 5.266008, 71.71875 5.266008)), POLYGON ((115.664063 18.979026, 115.664063 62.431074, 147.304688 62.431074, 147.304688 18.979026, 115.664063 18.979026)))

